[backg.jpg]
filters=finetune2=1,0.321637,0.171228,0.101053,00000000,1.000000;radblur=1,1.010976,1.017578,-0.929825,-1.000000;
moddate=1c39f6292248cf01
width=1920
height=1200
textactive=0
